canadaojp_2016_01_01_002959.jpg,0.15701014545899034,0.1193504767143381,0.12296403251436255,0.1554783950617284,0.0656513568023469,0.11504935215743797,0.11538931670944873,0.14910692458134703
canadaojp_2016_01_01_005959.jpg,0.1432282117100599,0.16681563989732306,0.11884243979953552,0.10438057694658355,0.14250244468891335,0.11699746363525242,0.04440166238846107,0.16283156093387116
canadaojp_2016_01_01_012959.jpg,0.11657346290184574,0.14732306563989733,0.15697576702114657,0.12394954773255103,0.14721611049993888,0.06212947683657254,0.12917507028480626,0.11665749908324166
canadaojp_2016_01_01_015959.jpg,0.13725400317809558,0.10505668622417798,0.15837764331988755,0.1546418530741963,0.05121623273438455,0.12333073585136291,0.1630569306930693,0.10706591492482581
canadaojp_2016_01_01_022959.jpg,0.1565212076763232,0.13695987654320987,0.13579864930937538,0.15043622417797337,0.05311086664221978,0.14508846718005133,0.10631722894511673,0.11576747952573035
canadaojp_2016_01_01_025959.jpg,0.15675803691480258,0.10708119423053417,0.14739182251558489,0.11332661043882165,0.15231175895367313,0.15539435888033248,0.06497142769832538,0.10276479036792568
canadaojp_2016_01_01_032959.jpg,0.14378208654198754,0.11947653098643198,0.14220831805402762,0.1461427392739274,0.07015111233345557,0.15658232489915658,0.1183420425375871,0.10331484537342624
canadaojp_2016_01_01_040000.jpg,0.1600278083363892,0.1369293179317932,0.15864121134335657,0.11486982031536487,0.07079284317320621,0.11827710548832661,0.15997433076640996,0.0804875626451534
canadaojp_2016_01_01_042959.jpg,0.1558030803080308,0.14846901356802347,0.11803263659699303,0.15817137269282483,0.0823287189830094,0.1121844823371226,0.10820804302652487,0.11680265248747097
canadaojp_2016_01_01_050000.jpg,0.15370217577313286,0.16307984965163183,0.12478226989365603,0.1214017235056839,0.13541666666666666,0.042942488693313775,0.14040917980686957,0.11826564600904535
canadaojp_2016_01_01_052959.jpg,0.15191449700525608,0.10646238234934605,0.1545539970663733,0.07978853440899646,0.12001894633907835,0.15058137758220266,0.11888445789023347,0.11779580735851362
canadaojp_2016_01_01_060000.jpg,0.16229678523407895,0.1355541804180418,0.15168148759320377,0.031696919691969194,0.13098184818481848,0.115664344212199,0.15889331988754432,0.11323111477814449
canadaojp_2016_01_01_062959.jpg,0.1189341156337856,0.10250122234445667,0.16259473169539176,0.14948890722405575,0.13149370492604817,0.15662052316342745,0.15530650287250947,0.023060292140325143
canadaojp_2016_01_01_065959.jpg,0.12245217577313287,0.1434383021635497,0.12839964552010757,0.0984751252903068,0.14273545410096566,0.16625794523896834,0.1580338589414497,0.040207492971519376
canadaojp_2016_01_01_072959.jpg,0.1271123640141792,0.15093662143992176,0.16120049504950495,0.059245507884121744,0.1623770015890478,0.11752459968219044,0.0951747952573035,0.1264286150837306
canadaojp_2016_01_01_075959.jpg,0.1348131340911869,0.17351561545043392,0.07975415597115267,0.05935246302408018,0.15959998777655543,0.15753346167950127,0.11544279427942794,0.11998838772766166
canadaojp_2016_01_01_082959.jpg,0.20957095709570958,0.09542308397506417,0.10121776066495539,0.12555005500550054,0.06132349346045716,0.17532621317687325,0.2148002994743919,0.01678813714704804
canadaojp_2016_01_01_085959.jpg,0.20209937660432709,0.08229052071873855,0.22762727661655055,0.18500947316953917,0.10949914435888033,0.02232688546632441,0.09847130546387972,0.07267601760176018
canadaojp_2016_01_01_092959.jpg,0.04529932159882655,0.22841416086053049,0.1297862425131402,0.1978746485759687,0.1374831927637208,0.04589521452145214,0.07639270871531598,0.1388545104510451
canadaojp_2016_01_01_095959.jpg,0.18795073951839628,0.0667820254247647,0.16794630851974085,0.09085075174184085,0.23585900256692335,0.09714964552010756,0.04675849529397384,0.10670303141425254
canadaojp_2016_01_01_103000.jpg,0.08240129568512407,0.2255913091309131,0.11673771543821049,0.03809130913091309,0.12970984598459845,0.17182343234323433,0.17103272827282728,0.06461236401417919
canadaojp_2016_01_01_105959.jpg,0.16571552988632196,0.0472168744652243,0.2022789084464002,0.0988953061972864,0.10782988021024324,0.0792995966263293,0.17268289328932893,0.12608101087886567
canadaojp_2016_01_01_113000.jpg,0.1339536731450923,0.2057549504950495,0.13386581713726928,0.08106817626207065,0.17199532453245325,0.11438852218555189,0.0385649676078719,0.12040856863464124
canadaojp_2016_01_01_115959.jpg,0.19248487348734875,0.11796769954773255,0.04594105243857719,0.11008739762865176,0.11485072118322943,0.17289298374281872,0.1488509962107322,0.09692427576090942
canadaojp_2016_01_01_123000.jpg,0.04390890477936683,0.14529855763354113,0.14757899401051217,0.16181930693069307,0.11287587092042538,0.17959295929592958,0.0942885955262193,0.11463681090331256
canadaojp_2016_01_01_125959.jpg,0.14071094609460946,0.14107764943160983,0.1814914130301919,0.03577649431609828,0.1726332355457768,0.12999633296663,0.08968952450800635,0.10862440410707737
canadaojp_2016_01_01_132959.jpg,0.1379912296785234,0.18761459479281262,0.12735683290551278,0.0392181579269038,0.10643564356435643,0.0930662510695514,0.1692717882899401,0.13904550177239947
canadaojp_2016_01_01_135959.jpg,0.13827771666055494,0.23024003789267816,0.04893197653098643,0.15231939860652732,0.10924703581469258,0.09828031414252536,0.01952313286884244,0.20318038748319275
canadaojp_2016_01_01_142959.jpg,0.17004339322821171,0.11937721549932771,0.21611813959173695,0.07831026158171372,0.10480839750641731,0.018927239946216843,0.1392670517051705,0.15314830094120524
canadaojp_2016_01_01_145959.jpg,0.2130431793179318,0.1331820682068207,0.027200983987287618,0.11594319154137636,0.1802194108299719,0.07067442855396651,0.14232291284684023,0.11741382471580492
canadaojp_2016_01_01_152959.jpg,0.15919890600171127,0.10331484537342624,0.030730503605916146,0.1610362425131402,0.22462489304486005,0.12284561789512284,0.11233727539420608,0.08591171617161716
canadaojp_2016_01_01_155959.jpg,0.10097329177362181,0.22290597115267083,0.09669508617528419,0.18023087030925314,0.051273530130790855,0.11772323065639897,0.05842806502872509,0.1717699547732551
canadaojp_2016_01_01_162959.jpg,0.14702511917858452,0.11657728272827282,0.09888002689157804,0.07960136291406919,0.041968432954406554,0.24527869453612028,0.19254217088375505,0.07812690991321354
canadaojp_2016_01_01_170000.jpg,0.06698447622540032,0.09907865786578658,0.2300184879599071,0.21090789634519008,0.14605870309253147,0.07590377093264881,0.032449425498105366,0.13859858208043027
canadaojp_2016_01_01_172959.jpg,0.2230052866397751,0.05299245202298008,0.15226210121012101,0.09582798557633541,0.10078612027869453,0.17357673267326731,0.11866290795746241,0.08288641364136413
canadaojp_2016_01_01_180000.jpg,0.1786647414741474,0.10914772032758832,0.04667827893900501,0.21598062584036182,0.024045807358513627,0.24170715682679378,0.1111149309375382,0.07266073829605182
canadaojp_2016_01_01_182959.jpg,0.12784577068817993,0.10821568267937905,0.15675039726194842,0.15516898912113433,0.05782071262681824,0.13367100598948783,0.12103883999511063,0.13948860163794158
canadaojp_2016_01_01_190000.jpg,0.1552988632196553,0.1085862058428065,0.08663366336633663,0.10768854663244103,0.14921769954773256,0.12652411074440778,0.12487394572790612,0.1411769649187141
canadaojp_2016_01_01_192959.jpg,0.08743582691602493,0.13221183229434055,0.16027227722772278,0.2019809619850874,0.11493093753819826,0.0690701014545899,0.12780375259748197,0.10629430998655422
canadaojp_2016_01_01_195959.jpg,0.11677591370248136,0.14635664955384428,0.12460273805158294,0.08022017479525731,0.12469823371226012,0.1478693008189708,0.1255958929226256,0.13388109644297763
canadaojp_2016_01_01_202959.jpg,0.1511352524141303,0.11083226378193375,0.1225629507395184,0.10030482214888156,0.1335602310231023,0.12967164772032758,0.11607306563989732,0.13585976653220877
canadaojp_2016_01_01_205959.jpg,0.13320880699181029,0.12405268304608238,0.1564868292384794,0.1284454834372326,0.07978853440899646,0.12116871409363159,0.14763629140691847,0.10921265737684879
canadaojp_2016_01_01_212959.jpg,0.1258938393839384,0.12280741963085197,0.17593738540520718,0.15643335166850017,0.08375733406674,0.11024783033858941,0.13885069062461802,0.08607214888155482
canadaojp_2016_01_01_215959.jpg,0.12361340300696737,0.09422747830338589,0.1400501161227234,0.15032544921158783,0.13125305586114167,0.11181013934726806,0.11855977264393106,0.13016058550299475
canadaojp_2016_01_01_222959.jpg,0.13815548221488816,0.14362165383204986,0.160325754797702,0.18638461068329054,0.09537342623151204,0.11354816037159271,0.13089017235056838,0.03170073951839628
canadaojp_2016_01_01_225959.jpg,0.174088589414497,0.15364869820315366,0.12977096320743187,0.1014813286884244,0.14029076518762987,0.12103883999511063,0.04003560078230045,0.13964521452145215
canadaojp_2016_01_01_233000.jpg,0.13263201320132012,0.12247127490526831,0.15657468524630241,0.0773056472313898,0.149676078718983,0.1236325021391028,0.12753254492115879,0.11017525363647476
canadaojp_2016_01_01_235959.jpg,0.17793133480014667,0.14229999388827771,0.15215896589658967,0.11605778633418898,0.13080613616917247,0.05093738540520719,0.10876191785845252,0.12104647964796479
canadaojp_2016_01_02_003000.jpg,0.10439203642586481,0.2031994866153282,0.1591645275638675,0.10509870431487593,0.14412587092042536,0.11086282239335045,0.12897261948417063,0.0441839322821171
canadaojp_2016_01_02_005959.jpg,0.08614472558366948,0.14630317198386505,0.10940746852463024,0.12247891455812247,0.1207752719716416,0.12513751375137513,0.15584509839872876,0.13390783522796723
canadaojp_2016_01_02_013000.jpg,0.09982352401906858,0.17486019435276862,0.1131967363403007,0.13084433443344334,0.13890798802102433,0.15950831194230533,0.14495477325510328,0.037904137635985824
canadaojp_2016_01_02_015959.jpg,0.15605518885221856,0.14344212198997677,0.11597756997922014,0.17429486004155972,0.06034179806869576,0.10720724850262804,0.12250565334311209,0.12017555922258892
canadaojp_2016_01_02_022959.jpg,0.14773178706759565,0.14169646131279795,0.06777900012223445,0.12353318665199853,0.14990526830460824,0.12061865908813103,0.13224239090575723,0.11649324654687691
canadaojp_2016_01_02_025959.jpg,0.14967225889255592,0.13966813348001467,0.09142754553233101,0.15944719471947194,0.1640691846962474,0.13364808703092532,0.13010710793301553,0.03196048771543821
canadaojp_2016_01_02_032959.jpg,0.15233467791223568,0.13834647353624252,0.11483926170394818,0.16854220144236645,0.0696927331622051,0.12176460701625719,0.10599254369881432,0.12848750152793056
canadaojp_2016_01_02_035959.jpg,0.16554363769710304,0.1278266715560445,0.14637574868597972,0.15166238846106833,0.13429745752353012,0.04344670578168928,0.12898789878987899,0.10185949150470602
canadaojp_2016_01_02_042959.jpg,0.11124862486248625,0.16846198508739763,0.15400012223444567,0.10632486859797091,0.14190655176628775,0.0659760420486493,0.12198233712260115,0.13009946828016136
canadaojp_2016_01_02_045959.jpg,0.15670073951839628,0.12443466568879111,0.14305631952084097,0.13065334311208898,0.09593876054272094,0.14828566189952327,0.11922060261581714,0.0817099071018213
canadaojp_2016_01_02_052959.jpg,0.12364014179195697,0.11562996577435522,0.1566090636841462,0.143847023591248,0.07242772888399951,0.11972863953061973,0.14445437599315486,0.1236630607505195
canadaojp_2016_01_02_060000.jpg,0.14154366825571446,0.14503116978364503,0.12485484659577069,0.0671678278939005,0.15579162082874953,0.13033247769221368,0.1153663977508862,0.11991199119911991
canadaojp_2016_01_02_062959.jpg,0.11714643686590881,0.17352325510328812,0.08821507150715072,0.08844426109277595,0.16269022735606894,0.15132624373548467,0.10429272093876055,0.11436178340056227
canadaojp_2016_01_02_070000.jpg,0.1552377459968219,0.173080155237746,0.01745660677178829,0.13145932648820438,0.150508800880088,0.16294615572668378,0.09736355580002444,0.1119476530986432
canadaojp_2016_01_02_072959.jpg,0.14674245202298009,0.15820193130424154,0.11117222833394451,0.12239105855029947,0.12745614839261704,0.12995431487593204,0.14348032025424765,0.06060154626573769
canadaojp_2016_01_02_080000.jpg,0.09813516073829605,0.14932847451411807,0.1508105671678279,0.1367192274783034,0.05278618139591737,0.12064921769954773,0.15971840239579513,0.13185276861019435
canadaojp_2016_01_02_082959.jpg,0.17154840484048406,0.058011703948172594,0.13912953795379537,0.200911410585503,0.0837611538931671,0.11716553599804425,0.021031964307541864,0.20844028847329177
canadaojp_2016_01_02_085959.jpg,0.25499251314020294,0.04591431365358758,0.09171403251436255,0.08596901356802347,0.06626252903068085,0.21643900501161228,0.056208745874587455,0.18249984720694293
canadaojp_2016_01_02_092959.jpg,0.18876436254736584,0.09575922870064785,0.10418194597237501,0.08032331010878865,0.23038137147048038,0.02891608605304975,0.07702298007578535,0.19465071507150716
canadaojp_2016_01_02_095959.jpg,0.22614518396284072,0.1062064539787312,0.11436560322698937,0.049722680601393475,0.090988265493216,0.16178492849284928,0.1793179317931793,0.07146895245080064
canadaojp_2016_01_02_102959.jpg,0.25647460579391274,0.059043057083486124,0.10110316587214277,0.17562797946461312,0.17253392005867255,0.12603899278816771,0.075078688424398,0.034099590514607016
canadaojp_2016_01_02_105959.jpg,0.1246714949272705,0.10462504583791712,0.20131249236034715,0.032357749663855274,0.11972481970419264,0.06574685246302409,0.185089689524508,0.16647185551888521
canadaojp_2016_01_02_113000.jpg,0.22750886199731085,0.09865847695880699,0.06146864686468647,0.16728547854785478,0.10057220999877765,0.20035371592714826,0.11437324287984355,0.029779366825571446
canadaojp_2016_01_02_115959.jpg,0.20800864808703093,0.12116871409363159,0.10737532086541987,0.032407407407407406,0.12017555922258892,0.1655894756142281,0.1712657376848796,0.0740091370248136
canadaojp_2016_01_02_123000.jpg,0.04843921892189219,0.19925360591614716,0.10832645764576458,0.08235545776799902,0.11525944261092776,0.1564944688913336,0.1677591370248136,0.12211221122112212
canadaojp_2016_01_02_125959.jpg,0.1477165077618873,0.07735148514851485,0.1887185246302408,0.11888063806380639,0.03448539298374282,0.10037357902456913,0.19958975064173085,0.13288412174550787
canadaojp_2016_01_02_133000.jpg,0.10500702848062585,0.13014912602371348,0.2031994866153282,0.04002414130301919,0.1268144175528664,0.09799382716049383,0.17226271238234936,0.12454926048160371
canadaojp_2016_01_02_135959.jpg,0.12020229800757853,0.1968050971763843,0.07172870064784256,0.10633250825082509,0.12442320620950983,0.21291330521941082,0.023258923114533675,0.14433596137391516
canadaojp_2016_01_02_143000.jpg,0.14399217699547734,0.09753926781567046,0.13033629751864076,0.03331270627062706,0.15233467791223568,0.14379736584769587,0.1936881188118812,0.10499938882777167
canadaojp_2016_01_02_145959.jpg,0.16717088375504216,0.1315395428431732,0.017154840484048403,0.21291712504583793,0.06432969685857474,0.13275424764698693,0.1192015034836817,0.15493215988265494
canadaojp_2016_01_02_152959.jpg,0.026242207554088744,0.13812110377704437,0.09613739151692947,0.21971259625962597,0.11300192519251925,0.12351790734629019,0.05735851362914069,0.22590835472436133
canadaojp_2016_01_02_155959.jpg,0.10425834250091676,0.22812385405207186,0.10437293729372937,0.16162449578291163,0.12443466568879111,0.159099590514607,0.051277349957217944,0.0668087642097543
canadaojp_2016_01_02_162959.jpg,0.13475583669478058,0.0655940594059406,0.24112272338344945,0.1544432220999878,0.09624434665688791,0.09500672289451167,0.1646077802224667,0.04822530864197531
canadaojp_2016_01_02_165959.jpg,0.20844792812614596,0.09546128223933505,0.10823478181151448,0.08337917125045838,0.07553324776922136,0.16568115144847817,0.21494545287862118,0.0483169844762254
canadaojp_2016_01_02_172959.jpg,0.22132074318542966,0.06602569979220144,0.14048175650898423,0.05803080308030803,0.14817870675956485,0.2244568206820682,0.07952878621195453,0.06197668377948906
canadaojp_2016_01_02_180000.jpg,0.2497058733651143,0.04113189096687447,0.16694551399584404,0.0737952267448967,0.12124893044860041,0.2466729311820071,0.018644572790612393,0.08185506050605061
canadaojp_2016_01_02_182959.jpg,0.09669126634885711,0.1792644542232001,0.15673511795624007,0.1675223077863342,0.04955842806502873,0.1669837122601149,0.10866260237134824,0.07458211098887667
canadaojp_2016_01_02_190000.jpg,0.1530107871898301,0.13992788167705658,0.11464445055616673,0.18011627551644052,0.10622173328443955,0.05863815548221489,0.12024813592470358,0.12719258036914802
canadaojp_2016_01_02_192959.jpg,0.11634045348979342,0.14238784989610073,0.07958990343478792,0.1299619545287862,0.17824456056716784,0.10846015157071262,0.12081729006233957,0.1241978364503117
canadaojp_2016_01_02_200000.jpg,0.08315380149126024,0.1710556472313898,0.12192503972619484,0.15311774232978853,0.1404855763354113,0.059646589658965896,0.13897674489671188,0.13163885833027747
canadaojp_2016_01_02_202959.jpg,0.1355541804180418,0.1308939921769955,0.1523575968707982,0.11706622051093998,0.10070208409729862,0.12920944872265006,0.11117222833394451,0.12304424886933138
canadaojp_2016_01_02_210000.jpg,0.1346603410341034,0.1263369392494805,0.15469533064417554,0.17864182251558489,0.07881065884366215,0.10802851118445178,0.09750870920425377,0.12131768732428798
canadaojp_2016_01_02_212959.jpg,0.13655115511551155,0.11681793179317931,0.11642830949761643,0.15827832783278328,0.14439707859674855,0.12317794279427943,0.0641348857107933,0.14021436865908812
canadaojp_2016_01_02_215959.jpg,0.13468707981909303,0.12164619239701747,0.17738127979464613,0.1435872753942061,0.1311537403740374,0.042220541498594305,0.1547335289084464,0.09459036181395918
canadaojp_2016_01_02_222959.jpg,0.14235347145825694,0.1257716049382716,0.20473123701259016,0.11573692091431366,0.046326854907712996,0.11004537953795379,0.1351149003789268,0.11991963085197409
canadaojp_2016_01_02_225959.jpg,0.15215896589658967,0.10552652487470969,0.16220510939982888,0.04984491504706026,0.13138292995966264,0.17749587458745875,0.11389576457645764,0.10748991565823249
canadaojp_2016_01_02_232959.jpg,0.14366749174917492,0.13791483314998165,0.16064280039115023,0.1060574807480748,0.1631447867008923,0.11578657865786579,0.04420685124067962,0.12857917736218066
canadaojp_2016_01_02_235959.jpg,0.17249954162082876,0.10287174550788412,0.11773469013568023,0.13998899889989,0.17785111844517784,0.13000015279305707,0.12088604693802714,0.038167705659454834
canadaojp_2016_01_03_003000.jpg,0.10822332233223322,0.18316449700525608,0.08661838406062829,0.12014500061117223,0.16643365725461434,0.09224498838772766,0.12732627429409607,0.1158438760542721
canadaojp_2016_01_03_005959.jpg,0.1722741718616306,0.11361691724728028,0.1754599071018213,0.10765034836817015,0.1195567473414008,0.05557083486126391,0.14194475003055862,0.11392632318787434
canadaojp_2016_01_03_013000.jpg,0.14969517785111844,0.10463650531719838,0.12198997677545532,0.19859659577068817,0.10126741840850752,0.15348062584036182,0.040264790367925685,0.13006890966874465
canadaojp_2016_01_03_015959.jpg,0.11198967118934115,0.17699547732551033,0.15525302530253024,0.14603196430754187,0.12423985454100965,0.10831499816648331,0.05321400195575113,0.1239610072118323
canadaojp_2016_01_03_023000.jpg,0.14957676323187874,0.12184100354479892,0.16080323310108788,0.11499587458745875,0.07447515584891823,0.13452282728272827,0.13342271727172716,0.11036242513140203
canadaojp_2016_01_03_025959.jpg,0.14255974208531963,0.1503292690380149,0.12001894633907835,0.13618445177851118,0.1631791651387361,0.10378850385038504,0.027445452878621195,0.1564944688913336
canadaojp_2016_01_03_033000.jpg,0.12042766776677667,0.12504583791712504,0.2066793484904046,0.11577893900501161,0.07008999511062218,0.13303309497616428,0.1196446033492238,0.1093005133846718
canadaojp_2016_01_03_035959.jpg,0.12131768732428798,0.10944184696247403,0.18016975308641975,0.15193359613739152,0.14420608727539422,0.057958226378193374,0.10451809069795868,0.13045471213788046
canadaojp_2016_01_03_042959.jpg,0.14056579269038014,0.10982764943160983,0.10777640264026403,0.12204345434543454,0.11687904901601272,0.17536441144114412,0.13119575846473536,0.09634748197041926
canadaojp_2016_01_03_045959.jpg,0.10077466079941327,0.18037984353990955,0.15900791468035694,0.05421861630607505,0.15157835227967242,0.17181197286395306,0.07940655176628773,0.10282208776433199
canadaojp_2016_01_03_052959.jpg,0.1040367925681457,0.14260939982887177,0.160982764943161,0.15206729006233957,0.17579223200097788,0.04615496271849407,0.11423190930204132,0.1041246485759687
canadaojp_2016_01_03_055959.jpg,0.12993139591736952,0.11895703459234812,0.16027609705414986,0.11690960762742941,0.06893640752964185,0.13679180418041803,0.14634137024813593,0.12185628285050727
canadaojp_2016_01_03_062959.jpg,0.12430479159027014,0.08723337611538931,0.14401127612761278,0.14986325021391028,0.11907162938516073,0.11874694413885833,0.12353318665199853,0.1332355457767999
canadaojp_2016_01_03_070000.jpg,0.12633311942305342,0.14311361691724728,0.16462305952817505,0.10752047426964918,0.16054348490404596,0.11532437966018824,0.1343050971763843,0.048236768121256574
canadaojp_2016_01_03_072959.jpg,0.1620484965163183,0.141173145092287,0.16853838161593937,0.04959280650287251,0.11540841584158416,0.10562584036181395,0.11959494560567167,0.13801796846351302
canadaojp_2016_01_03_080000.jpg,0.13161593937171495,0.1378728150592837,0.20601469869209144,0.03403847329177362,0.11306304241535264,0.07750809803202542,0.14862562645153404,0.15126130668622417
canadaojp_2016_01_03_082959.jpg,0.17452404962718493,0.13804088742207554,0.07024278816770566,0.2078673145092287,0.029901601271238237,0.09758892555922259,0.20696965529886321,0.07486477814448111
canadaojp_2016_01_03_090000.jpg,0.21196980809192031,0.08012467913458013,0.144679745752353,0.06106374526341523,0.044634671800513386,0.17033370003667034,0.2111332661043882,0.0760603838161594
canadaojp_2016_01_03_092959.jpg,0.190743032636597,0.10232169050238357,0.03921051827404963,0.18194597237501528,0.0942847756997922,0.10946094609460946,0.06157178217821782,0.22046128223933503
canadaojp_2016_01_03_100000.jpg,0.18867650653954285,0.0757586175284195,0.07291284684023958,0.22557220999877767,0.11839552010756631,0.10816220510939983,0.04542155604449334,0.16510053783156092
canadaojp_2016_01_03_102959.jpg,0.04323661532819949,0.14608162205109398,0.10486187507639654,0.11998456790123457,0.16318680479159026,0.07770672900623396,0.20039573401784622,0.14454605182740496
canadaojp_2016_01_03_105959.jpg,0.17138797213054638,0.09261551155115512,0.11210808580858085,0.14423282606038382,0.041498594303874835,0.10629049016012712,0.2101821293240435,0.12168439066128835
canadaojp_2016_01_03_112959.jpg,0.159668744652243,0.12923618750763965,0.16028373670700402,0.03818680479159027,0.1935124067962352,0.10465560444933382,0.08433030803080308,0.13012620706515096
canadaojp_2016_01_03_115959.jpg,0.19949425498105366,0.07976943527686102,0.1362684879599071,0.12509931548710426,0.17742329788534408,0.040005042170883756,0.10056457034592348,0.14137559589292262
canadaojp_2016_01_03_122959.jpg,0.14672335289084465,0.12770061728395063,0.1625870920425376,0.09991519985331866,0.10307419630851974,0.047213054638797214,0.12319704192641487,0.18958944505561667
canadaojp_2016_01_03_125959.jpg,0.130829055127735,0.1981420364258648,0.07105259137024814,0.19737425131402028,0.037040856863464124,0.10077848062584036,0.1442939432832172,0.12048878498961008
canadaojp_2016_01_03_133000.jpg,0.20841354968830217,0.1308939921769955,0.03946262681823738,0.09900608116367192,0.08548771543821049,0.1676674611905635,0.14972573646253515,0.11934283706148392
canadaojp_2016_01_03_135959.jpg,0.17647598093142647,0.11865144847818115,0.15528358391394695,0.03710197408629752,0.107249266593326,0.11719227478303386,0.08214918714093632,0.20589628407285174
canadaojp_2016_01_03_143000.jpg,0.12021757731328689,0.17215193741596382,0.14752933626696002,0.03204070407040704,0.22158431120889865,0.11129064295318421,0.1229487532086542,0.07223673756264515
canadaojp_2016_01_03_145959.jpg,0.13970251191785846,0.17379828260603838,0.13791483314998165,0.11457187385405207,0.02868689646742452,0.15491688057694658,0.0834593876054272,0.16694933382227112
canadaojp_2016_01_03_153000.jpg,0.23743277105488328,0.10587794890600172,0.2112516807236279,0.14716645275638676,0.010596198508739763,0.12061483926170395,0.044015859919325266,0.12304424886933138
canadaojp_2016_01_03_155959.jpg,0.10800177239946217,0.2106634274538565,0.12229556288962229,0.04400058061361692,0.22107627429409607,0.07160264637574869,0.1365969930326366,0.08576274294096076
canadaojp_2016_01_03_163000.jpg,0.06626252903068085,0.16318680479159026,0.2007318787434299,0.11538549688302163,0.10532025424764699,0.03155558611416697,0.23996149614961496,0.07759595403984842
canadaojp_2016_01_03_165959.jpg,0.20750061117222834,0.03582615205965041,0.100499633296663,0.0634243979953551,0.1968929531842073,0.1896773010634397,0.08773377337733773,0.11844517785111844
canadaojp_2016_01_03_172959.jpg,0.14514194475003056,0.0715682679379049,0.11801735729128468,0.22874266593325998,0.08344028847329177,0.09450250580613617,0.22189371714949271,0.03669325265859919
canadaojp_2016_01_03_175959.jpg,0.22206178951228456,0.05715988265493216,0.0894679745752353,0.07348200097787556,0.21481557878010024,0.029439402273560688,0.1825380454712138,0.1310353257547977
canadaojp_2016_01_03_182959.jpg,0.11609980442488693,0.18615542109766534,0.11125626451534042,0.1793866886688669,0.12605427209387604,0.1361233345556778,0.11714261703948173,0.027781597604204865
canadaojp_2016_01_03_185959.jpg,0.052812920180906976,0.18852753330888644,0.11494239701747952,0.18288564967607873,0.13815548221488816,0.07841721672167216,0.12518717149492728,0.11907162938516073
canadaojp_2016_01_03_192959.jpg,0.17390905757242392,0.1540230411930082,0.07840957706881799,0.13041651387360959,0.09096152670822638,0.14356435643564355,0.10748991565823249,0.1212260114900379
canadaojp_2016_01_03_200000.jpg,0.05739671189341156,0.17952038259381495,0.15464949272705047,0.12307480748074807,0.11637101210121012,0.16413794157193498,0.10642418408507517,0.09842546754675467
canadaojp_2016_01_03_202959.jpg,0.15370217577313286,0.14145199242146436,0.13761688668866887,0.10840667400073341,0.12423221488815549,0.1664756753453123,0.11669187752108544,0.051422503361447255
canadaojp_2016_01_03_210000.jpg,0.15900791468035694,0.19229770199242147,0.07637360958318054,0.18626237623762376,0.11116840850751741,0.12576778511184453,0.1012750580613617,0.04784714582569368
canadaojp_2016_01_03_212959.jpg,0.16775531719838652,0.12694811147781446,0.16515783522796723,0.14964552010756632,0.026662388461068328,0.18569704192641487,0.1172113739151693,0.06092241168561301
canadaojp_2016_01_03_220000.jpg,0.11404855763354113,0.1937110377704437,0.08578184207309619,0.18824486615328198,0.12681059772643932,0.10479311820070895,0.06646497983131647,0.12014500061117223
canadaojp_2016_01_03_222959.jpg,0.1312110377704437,0.09465529886321966,0.11565670455934482,0.1456919997555311,0.09468585747463636,0.18605992543698816,0.12242543698814326,0.10961373915169295
canadaojp_2016_01_03_225959.jpg,0.18225537831560934,0.10895672900623396,0.13155482214888156,0.06890966874465225,0.12176460701625719,0.11754369881432587,0.14867910402151327,0.12033599193252659
canadaojp_2016_01_03_232959.jpg,0.1606504400440044,0.15610484659577067,0.13824333822271115,0.1312110377704437,0.1089720083119423,0.1229181945972375,0.041869117467302285,0.14003101699058795
canadaojp_2016_01_03_235959.jpg,0.16138766654443223,0.11532437966018824,0.15737302896956362,0.11589353379782423,0.14418698814325878,0.06095679012345679,0.13702481359247035,0.10785279916880577
canadaojp_2016_01_04_002959.jpg,0.08505989487837673,0.13025608116367193,0.11763537464857597,0.1659103410341034,0.12745614839261704,0.12158889500061117,0.14069184696247403,0.11140141791956973
canadaojp_2016_01_04_005959.jpg,0.1434879599071018,0.10994606405084953,0.07346290184574013,0.17999404107077374,0.11712351790734629,0.12295257303508128,0.12218478792323677,0.13084815425987043
canadaojp_2016_01_04_012959.jpg,0.07233223322332233,0.19060933871164895,0.11907162938516073,0.1795280222466691,0.10578627307175162,0.1289840789634519,0.08879568512406796,0.11489273927392739
canadaojp_2016_01_04_015959.jpg,0.1541147170272583,0.14231909302041315,0.053068848551521816,0.12958761153893167,0.1792109766532209,0.13984766532208776,0.12231466202175773,0.0795364258648087
canadaojp_2016_01_04_023000.jpg,0.13215453489793424,0.1509251619606405,0.07551414863708593,0.18804623517907346,0.16118903557022368,0.1463528297274172,0.10072500305586114,0.045093050971763846
canadaojp_2016_01_04_025959.jpg,0.15875962596259627,0.11423954895489549,0.14540551277349958,0.1454628101699059,0.13456102554699914,0.057702298007578534,0.11876604327099377,0.12510313531353134
canadaojp_2016_01_04_033000.jpg,0.12103502016868353,0.14111966752230778,0.12610392983742819,0.11129446277961129,0.0841736951472925,0.17154076518762987,0.12872433076640996,0.11600812859063685
canadaojp_2016_01_04_035959.jpg,0.11075586725339201,0.13631050605060507,0.07511688668866887,0.12352936682557145,0.12490068451289574,0.15633021635496883,0.14876696002933626,0.1242895122845618
canadaojp_2016_01_04_043000.jpg,0.11697836450311698,0.14577985576335412,0.10873899889988999,0.18231649553844273,0.14422136658110254,0.13155482214888156,0.04878300330033003,0.12162709326488204
canadaojp_2016_01_04_045959.jpg,0.11482780222466692,0.20389087519863097,0.12326579880210244,0.1313027136046938,0.13568405451656276,0.14136413641364137,0.027456912357902458,0.12220770688179929
canadaojp_2016_01_04_052959.jpg,0.1840850751741841,0.10993842439799535,0.16168179317931794,0.1466736951472925,0.11423954895489549,0.04693038748319276,0.10556854296540766,0.13088253269771422
canadaojp_2016_01_04_055959.jpg,0.01920226744896712,0.17138033247769222,0.13711266960029336,0.18597588925559222,0.10532407407407407,0.14698310108788656,0.1202748747096932,0.11374679134580125
canadaojp_2016_01_04_062959.jpg,0.1405772521696614,0.17084173695147292,0.17084937660432709,0.11675299474391884,0.05737379293484904,0.12126038992788167,0.08203077252169662,0.14031368414619239
canadaojp_2016_01_04_065959.jpg,0.14443909668744653,0.06780191908079697,0.1218486431976531,0.10943420730961985,0.18583073585136292,0.13185276861019435,0.11561850629507395,0.12317412296785234
canadaojp_2016_01_04_072959.jpg,0.17198768487959906,0.1343318359613739,0.17918423786823126,0.12055372203887055,0.020913549688302162,0.15071507150715072,0.14101271238234936,0.08130118567412296
canadaojp_2016_01_04_075959.jpg,0.07396329910768855,0.1303515768243491,0.14753315609338713,0.11118750763965285,0.15569230534164527,0.12246745507884121,0.13823569856985699,0.1205690013445789
canadaojp_2016_01_04_082959.jpg,0.2126879354602127,0.12974040459601516,0.1822973964063073,0.05149126023713482,0.05062797946461313,0.0952091736951473,0.16500504217088374,0.11294080796968586
canadaojp_2016_01_04_090000.jpg,0.21825724239090577,0.06855824471336022,0.09323050360591614,0.1729541009656521,0.14755607505194965,0.021184757364625353,0.07948294829482948,0.19877612761276128
canadaojp_2016_01_04_092959.jpg,0.24673404840484048,0.05010466324410219,0.1389156276738785,0.03839307541865298,0.07135435765798802,0.2701763231878743,0.07202664710915536,0.11229525730350813
canadaojp_2016_01_04_100000.jpg,0.10956026158171372,0.07265691846962474,0.15960762742940962,0.049111508373059526,0.2510695513995844,0.07793591859185918,0.22751650165016502,0.05254171250458379
canadaojp_2016_01_04_102959.jpg,0.22420853196430754,0.08576656276738785,0.10718050971763843,0.06559787923236768,0.20649217699547734,0.08572836450311698,0.18223245935704682,0.042793515462657375
canadaojp_2016_01_04_110000.jpg,0.21240908813103532,0.051991657499083244,0.17675864808703093,0.0746012101210121,0.0752276616550544,0.2536670333700037,0.10513308275271972,0.05021161838406063
canadaojp_2016_01_04_112959.jpg,0.22704284317320622,0.09102646375748685,0.2020420792079208,0.09080491382471581,0.1790581835961374,0.1082271421586603,0.03829375993154871,0.06350461435032392
canadaojp_2016_01_04_115959.jpg,0.1390913396895245,0.04762941571934971,0.21650394206087276,0.06858116367192275,0.0850369759198142,0.21451381249236035,0.15759457890233466,0.07104877154382105
canadaojp_2016_01_04_122959.jpg,0.1418912724605794,0.1395726378193375,0.10021314631463146,0.16456576213176874,0.1443015829360714,0.045669844762254004,0.07233223322332233,0.1914535203520352
canadaojp_2016_01_04_125959.jpg,0.19586541987532086,0.09870049504950495,0.18688882777166604,0.1676407224055739,0.027957309619850875,0.1646039603960396,0.08906689280039115,0.0692763720816526
canadaojp_2016_01_04_132959.jpg,0.20696201564600905,0.10419340545165627,0.12459127857230168,0.1674879293484904,0.10077848062584036,0.020795135069062463,0.21432664099743307,0.0608651142892067
canadaojp_2016_01_04_135959.jpg,0.14854541009656522,0.11496913580246913,0.03611645886810903,0.17371806625106956,0.11187125657010145,0.08394068573524019,0.2106939860652732,0.12014500061117223
canadaojp_2016_01_04_142959.jpg,0.1322882288228823,0.2052239946216844,0.06059008678645642,0.10109552621928859,0.15094426109277595,0.039283094976164286,0.11816251069551399,0.19241229678523408
canadaojp_2016_01_04_145959.jpg,0.1478005439432832,0.11837260114900379,0.046185521329910766,0.19744300818970786,0.10142785111844518,0.11846427698325387,0.14851103165872143,0.12179516562767388
canadaojp_2016_01_04_153000.jpg,0.17963497738662756,0.06721366581102554,0.1355236218066251,0.1254201809069796,0.12755928370614839,0.11138613861386139,0.03372906735117956,0.21953306441755285
canadaojp_2016_01_04_155959.jpg,0.11061835350201688,0.24457584647353625,0.10101149003789268,0.04863784989610072,0.14993200708959784,0.19471947194719472,0.0554524202420242,0.09505256081163672
canadaojp_2016_01_04_163000.jpg,0.11711205842806503,0.2336205842806503,0.17945162571812737,0.0700212382349346,0.08234017846229068,0.03212474025180296,0.18070452878621196,0.10462504583791712
canadaojp_2016_01_04_165959.jpg,0.1826488204375993,0.0577137574868598,0.21197744774477448,0.08958256936804791,0.09882272949517173,0.02296861630607505,0.10838757486859797,0.22789848429287374
canadaojp_2016_01_04_173000.jpg,0.1519450556166728,0.06131585380760298,0.12941571934971274,0.0675268915780467,0.23477035203520352,0.20990328199486616,0.06759946828016135,0.07752337733773378
canadaojp_2016_01_04_175959.jpg,0.1906857352401907,0.07090361813959174,0.22800925925925927,0.01942763720816526,0.08784836817015035,0.22786792568145703,0.0427553171983865,0.13250213910279918
canadaojp_2016_01_04_182959.jpg,0.1402831255347757,0.13800650898423175,0.10571369636963697,0.11964078352279672,0.1662694047182496,0.04578061972863953,0.16957737440410708,0.11472848673756264
canadaojp_2016_01_04_185959.jpg,0.1315089842317565,0.17386321965529886,0.17877169661410586,0.11956820682068207,0.07809635130179685,0.1522926598215377,0.14632609094242757,0.019572790612394572
canadaojp_2016_01_04_192959.jpg,0.1151601271238235,0.19393640752964186,0.09314646742452024,0.13003835105732794,0.09032743552132991,0.12096626329299597,0.10805906979586848,0.14836587825449213
canadaojp_2016_01_04_195959.jpg,0.058305830583058306,0.2042041009656521,0.15315212076763232,0.13949242146436866,0.13738387727661655,0.12327343845495661,0.10302071873854052,0.08116749174917491
canadaojp_2016_01_04_202959.jpg,0.16583776433198874,0.14648652365236522,0.12915597115267083,0.06275592837061483,0.13912953795379537,0.11742146436865909,0.11783782544921159,0.12137498472069429
canadaojp_2016_01_04_210000.jpg,0.1852042843173206,0.11592791223566801,0.11487745996821905,0.1264209754308764,0.17109384549566067,0.05679699914435888,0.10949914435888033,0.12017937904901602
canadaojp_2016_01_04_212959.jpg,0.18689264759809315,0.1186667277838895,0.07965102065762132,0.17842409240924093,0.16846198508739763,0.10252032147659211,0.05202221611049994,0.11336098887666544
canadaojp_2016_01_04_220000.jpg,0.06813424397995355,0.12899553844273315,0.14963788045471213,0.15658996455201077,0.11794478058917003,0.12270046449089353,0.1350499633296663,0.12094716416086053
canadaojp_2016_01_04_222959.jpg,0.08991871409363159,0.13025990099009901,0.17571583547243613,0.1546456729006234,0.07811927026035936,0.12034745141180785,0.10802851118445178,0.14296464368659087
canadaojp_2016_01_04_230000.jpg,0.11656200342256448,0.12620324532453245,0.11166498594303875,0.1786685613005745,0.14311743674367436,0.14998166483314998,0.05186178340056228,0.1219403190319032
canadaojp_2016_01_04_232959.jpg,0.022147353624251315,0.1329681579269038,0.15210548832661044,0.13215453489793424,0.20676338467180053,0.07999480503605916,0.15082584647353625,0.12304042904290428
canadaojp_2016_01_05_000000.jpg,0.1366275516440533,0.1123640141791957,0.15850751741840852,0.12313974453000856,0.12455690013445789,0.1475140569612517,0.05107871898300941,0.14621149614961496
canadaojp_2016_01_05_002959.jpg,0.04990985209632074,0.12319322209998777,0.15233467791223568,0.14253300330033003,0.10795211465591004,0.15649064906490648,0.1327313286884244,0.13485515218188485
canadaojp_2016_01_05_005959.jpg,0.1861974391883633,0.10535081285906368,0.13042033370003667,0.04610530497494194,0.15430570834861265,0.10761596993032636,0.12213131035325754,0.14787312064539787
canadaojp_2016_01_05_012959.jpg,0.14638720816526096,0.18050589781200344,0.16232352401906858,0.12394572790612395,0.1566969196919692,0.02641791956973475,0.08609888766654443,0.11762391516929471
canadaojp_2016_01_05_015959.jpg,0.15385114900378927,0.1428424092409241,0.06799291040215133,0.16376741840850753,0.1317267143381005,0.11644358880332478,0.0875657010145459,0.13581010878865665
canadaojp_2016_01_05_022959.jpg,0.1971259625962596,0.10398713482459357,0.11786838406062829,0.04014255592225889,0.19624740251802958,0.1275898423175651,0.1142662877398851,0.10277243002077986
canadaojp_2016_01_05_025959.jpg,0.1619568206820682,0.1529802285784134,0.10491153281994867,0.18695376482092654,0.1036242513140203,0.042690380149126024,0.13375886199731085,0.11312415963818605
canadaojp_2016_01_05_033000.jpg,0.16384381493704925,0.11182159882654932,0.12338421342134213,0.1359705414985943,0.14547426964918714,0.05092210609949884,0.1192626207065151,0.1493208348612639
canadaojp_2016_01_05_035959.jpg,0.15251802958073585,0.1410585502994744,0.09208073585136291,0.16635344089964552,0.12987027869453613,0.11794860041559711,0.11027074929715194,0.08989961496149615
canadaojp_2016_01_05_043000.jpg,0.11509519007456301,0.18950540887422077,0.05060888033247769,0.12654320987654322,0.18123548465957706,0.10605366092164772,0.11916330521941083,0.11179486004155971
canadaojp_2016_01_05_045959.jpg,0.14371714949272704,0.15367543698814326,0.11303248380393595,0.12196705781689281,0.10683672533920059,0.17696873854052073,0.12997723383449455,0.05382517418408508
canadaojp_2016_01_05_053000.jpg,0.17293882165994376,0.14068038748319275,0.12081729006233957,0.038771238234934606,0.1308519740862975,0.10128269771421587,0.1532819948661533,0.14137559589292262
canadaojp_2016_01_05_055959.jpg,0.14461862852951962,0.18245782911624495,0.10561056105610561,0.12175314753697591,0.04262162327343846,0.15941281628162815,0.12804058183596137,0.11548481237012591
canadaojp_2016_01_05_063000.jpg,0.13265111233345556,0.13966813348001467,0.17054761031658722,0.05737761276127613,0.15549749419386383,0.14278511184451778,0.08021635496883021,0.12125657010145459
canadaojp_2016_01_05_065959.jpg,0.14418316831683167,0.11355580002444689,0.0846244346656888,0.16539084464001955,0.11452221611049994,0.13413702481359246,0.11742146436865909,0.12616504706026158
canadaojp_2016_01_05_072959.jpg,0.13623410952206333,0.10521329910768855,0.1622280283583914,0.0642227417186163,0.15375947316953917,0.1652571507150715,0.12854479892433687,0.08454039848429287
canadaojp_2016_01_05_075959.jpg,0.08958256936804791,0.1616970724850263,0.19133892555922258,0.09879217088375504,7.639652854174307e-06,0.16515019557511307,0.1438241046326855,0.14960732184329545
canadaojp_2016_01_05_082959.jpg,0.2103654809925437,0.05827909179806869,0.09085075174184085,0.14488601637941573,0.21800513384671802,0.16440532942183106,0.090988265493216,0.02221993032636597
